0.4174604
2.332235
2.644584
4.638421
4.700459
6.257038
7.061827
8.961501
7.558092
9.158116
8.779791
10.80731
12.43952
14.60602
15.81138
15.85747
17.86852
18.43226
18.78633
19.30054
21.83327
24.15584
24.44234
23.93991
23.87601
25.56319
27.89408
27.2033
29.01809
31.23347
28.73913
33.20351
32.26222
35.08239
36.37026
35.41157
37.00886
38.11638
39.29992
37.92264
41.79463
39.96798
44.39687
43.26443
43.38017
45.18759
47.74022
47.20269
48.9344
49.86703
52.07892
53.01489
52.55524
54.10801
54.70108
56.61512
56.28405
59.16356
58.21298
60.3522
61.49875
61.04855
62.52304
63.97491
64.3161
67.31105
68.34326
67.21225
69.41879
70.26714
70.57119
72.47926
72.2468
73.2024
75.11532
74.85097
77.42806
78.32237
78.6338
80.05352
80.93179
82.80784
83.69148
83.37604
86.46353
85.19391
85.99569
87.80921
88.57695
92.45773
89.74235
90.15476
93.10499
94.30491
94.05189
95.01025
96.88759
99.43997
99.2385
98.48826
101.9538
101.7221
104.234
105.0153
105.5787
106.6071
107.9236
109.5753
108.57
111.126
112.1072
112.0869
113.6269
113.6756
114.1368
117.1868
118.0883
119.0354
117.777
121.115
120.4828
121.2224
121.5761
124.2812
125.4523
124.0551
125.7492
126.8035
128.3897
127.6422
132.4347
133.2416
132.3539
133.7082
133.7757
135.6424
137.0059
138.2768
139.1345
141.3972
142.0272
141.8267
142.6027
142.9523
144.9162
145.3387
148.5436
146.5201
147.3598
149.9506
152.1144
152.0593
152.9642
154.2033
154.7158
156.0328
158.3007
159.1414
159.4864
160.4579
160.8867
160.8645
165.1635
164.6335
165.0107
166.7802
166.2
170.3801
169.137
170.5174
169.9995
169.6517
174.9472
174.0465
176.2471
178.5451
178.0941
178.2445
179.9815
178.933
181.2332
181.3785
181.6008
184.5881
183.8451
185.6872
188.8997
188.9456
190.4144
189.7155
189.7007
192.2821
194.6787
195.1238
196.8183
196.0601
196.0754
196.1217
199.0659
199.0687
