1.1618087888866218
1.321519631950833
1.6934703980652583
1.090524707955989
0.5949668354122746
0.5715752179337981
-0.19191824038856997
-0.006421130340651199
-0.4232036715986637
-0.5048136448632498
-0.3278742775400649
-0.6080462563852187
-0.5766079050328949
-0.8273688431208464
-0.3863032177981109
-0.3679899572257685
-0.5321700283498605
-1.5199476576513635
-2.0904807481032313
-1.876657339611746
-1.3751483129480486
-0.6879538363617721
-1.4291708812734722
-2.3784969414348645
-2.234748785259557
-1.8356734704120705
-2.1509511749992116
-1.9671738414897233
-1.4432952502694298
-1.2375372625870842
-1.380244759056822
-1.481506081342251
-2.619879314849082
-2.0310212620532435
-2.3037863924651782
-2.562513645336134
-3.04789501153589
-3.4978929879577443
-3.04481620006609
-3.164004628008748
-3.382716497256308
-2.3078707462567345
-3.365155378145853
-3.0511817973642184
-2.6987442728352513
-3.674604768987823
-3.604477510170961
-3.353524786795234
-3.06657937509184
-3.0537842773582815
-2.616402666173328
-2.826857361650416
-2.9664216017004614
-2.91279279879402
-2.343104897442517
-2.6784339339264474
-2.7849332873558215
-3.3565812283012475
-3.531900708553551
-2.996562676575672
-3.1854694140934683
-3.186925892274847
-2.274369578929685
-1.7529649859108838
-1.778763044917738
-1.9810539270044312
-1.5541533830950218
-1.8910863185678068
-2.051521234396361
-1.7682787189543814
-2.4911342452568768
-2.290011700361018
-2.0900989671241645
-2.345745295653673
-2.179977276879298
-1.9211911512941504
-2.5301445868237487
-2.604867309664708
-1.9227922616539437
-1.4693396090269661
-1.6678063946817172
-1.148252309393711
-1.1228610630046292
-1.2415196226511174
-1.873476617802884
-2.293376738392629
-2.8087285880467663
-3.05393288105658
-2.8131270798351395
-1.8019110771886664
-1.500873299935998
-1.9783045041793668
-2.0471782828591873
-2.081651262226102
-1.685889783306048
-2.298808654083419
-2.048525469660596
-1.4373538449070873
-0.8554443940234044
-0.6750138941456337
-0.29238325200077225
-0.5602357271626506
-1.2622896073126693
-1.3222751915738942
-1.621216337873491
-0.5226491814254217
-1.0916156094703262
-0.9837567601511978
-1.5305335699168778
-1.3130953438670063
-1.0729407478387452
-0.966044766843933
-0.8354371306314776
-0.9447158603407461
-1.4455335878243796
-1.9054340863782295
-1.7311709899975798
-1.879762585080647
-2.1414571948922507
-2.745012416987361
-2.5975633006049974
-1.838039864993759
-1.7935921336555096
-2.992447026716596
-2.873189255076058
-2.6704030947547586
-1.8795758705909742
-1.7247353561071739
-1.6557288214195427
-1.3271137442415089
-0.8539971163101339
-0.3442504583294078
-0.6886135588839679
-0.14035325765838214
-0.3604932806954008
0.85732589978082
2.4200583706278946
1.8176987002485148
1.978119322751519
2.801648671937976
2.805285842662565
3.214002703426452
2.4615288312873584
3.1556198594281017
3.187030212365724
3.3944247769842386
3.893965538369207
5.395725781664052
4.5499546659713035
3.965840510056104
4.173507498693253
3.6595831148984925
2.4232510074056455
2.20041454648824
2.439096110333333
2.2034520620964773
2.4308475612886506
2.6067084827332434
2.0232621401683604
1.2387253334561943
2.134112533793092
2.466122103157783
2.178707289714094
2.3463005734841262
2.1527435120374485
2.253353702972597
2.315543729324353
2.983428875850722
2.9425557644992235
3.028403850981329
2.854189047909947
2.4292488562312546
2.324647777659089
2.2475889579039485
2.3851214857083978
1.5838176478074102
1.4107452877189517
2.3201324719433254
1.9469650376701695
2.2579815927601534
2.7918283037368417
2.9082730043322735
3.1809546082140834
2.6942683106840914
2.5549239300097377
2.7868757199932976
2.9830451164197695
3.60312197749844
3.3806435836364153
3.85933487568829
3.0206473013771236
3.5268267374206728
4.7772057759193745
4.547311827427378
5.3499820558086695
5.280473562864724
4.683734521056705
4.5787234902360705
4.9692981072570435
4.992027918153465
4.563964993392539
5.267130299995688
5.456140169414633
5.774813169739248
5.93596659456027
6.536370199030881
6.6699820821755225
7.17061767178806
7.502304003090655
7.425610659630805
7.101095195726004
7.29295777895328
7.540439285178517
8.098481536158745
7.716037323735446
7.078530324499557
7.395244459090528
7.372683446721817
7.7429877010600965
8.254081499120405
7.891186326508472
7.887421642931422
8.108941560191587
8.113973092861002
8.321227997379372
7.908869150926986
8.095199532156578
7.392877185912226
7.681117823748699
7.318971630931846
6.1332774607300315
6.103240910052994
5.599348525936328
5.2933000204669725
5.25316478189661
5.055069773718587
4.6406371135185855
4.639471365875397
4.555205031380128
4.132130514916021
4.7810847273964665
4.5860990267738995
3.9831892666674538
4.085348489995201
4.018787817346261
4.0605985101607684
4.31887545060604
4.610087607209923
4.6514932786573535
5.1435665138973325
5.824745219517053
5.179532385099634
4.775335254498583
4.466835920322531
4.104305104380948
4.361860114946413
4.541850137762252
4.3403382417617244
4.25635614084519
3.9514525815797157
3.896411809216058
3.2435917228520816
3.3927884815987093
3.8160054254060976
4.288559812261081
3.54296154294393
3.7849531722413596
4.151065025879941
4.548178845691199
5.673582626536285
6.443898929507534
5.776156655660107
5.758798882442265
5.26672866021173
5.183529058636247
4.822099547862718
4.7854984058771475
4.307141441257094
4.26057420707997
4.303955047694154
4.375988399613734
3.8368406591461572
4.130888214884354
3.1632097758030686
3.6522111637717702
3.3906283382969593
3.9190524234043513
3.840875321576957
3.416421442759678
2.6588286493695805
2.2531005083604585
3.228673845006527
3.0982241526446908
2.8860288093464934
2.935552877233813
2.5565693477710427
2.912439961593807
2.7740417411738076
2.7030518457668875
1.4406826745182497
1.9654122374740943
2.432044375641171
3.191171961451254
2.45727627101454
2.345145600966277
2.292932995596147
1.7448427952115195
1.3107162279220415
1.68849932026534
2.3165899586910523
1.2555173908563957
0.1743197364354021
0.3871015295024006
0.467780434726089
0.10041256502187801
-0.9405529834284411
-0.9353204084417764
-1.026797971200524
-0.7138330544380695
-1.4577717168680793
-2.14443268473683
-1.4539795855963438
-1.5530039027489702
-1.358743563060404
-2.0158293689391735
-1.44342026406298
-0.6267786358834309
-2.0221995998859232
-2.49512204354623
-3.116968646736782
-2.387043909100026
-2.596699920665095
-2.225639526229958
-3.3177212733215025
-3.6575030636980683
-4.254124185512783
-4.656059840189199
-5.1679204761349045
-4.896782883631173
-5.276487054264405
-5.2285038869303975
-5.36318114014087
-4.495581002701914
-3.977407139964407
-3.7980694738079825
-3.9840290036740553
-3.983046088842397
-4.250176335632313
-4.08335254824398
-4.3584511384895945
-4.393430607744515
-4.211281978789041
-3.377749234555799
-2.49365007975724
-2.5839255730721
-2.113762335154365
-2.3666401794152585
-1.7165639559777532
-1.5385746393083737
-1.051939159038908
-0.7472713674484068
-0.9427548321268326
-1.8437715229153606
-2.1545307258083723
-2.1719713415383035
-2.7269958531026575
-3.1187003739450945
-3.6738104366931346
-3.278166529238411
-3.704838898904936
-3.8085454484605563
-3.268686542233269
-2.828592496768182
-2.9884844654954876
-3.8255264645224396
-3.3027151197147915
-3.92915450196367
-3.84295282995469
-3.8867612818359576
-3.7222324126971946
-3.8091518285026438
-3.3444607917498788
-2.5827829425630604
-3.166856101524856
-3.208304658884857
-3.1634677051935465
-3.836671209895781
-4.468370346895586
-5.0655662577331055
-5.359362529765315
-5.12475435494699
-5.233140234300299
-5.432574329763943
-5.183552289730492
-6.070992367503665
-6.325568417820194
-5.653968214210444
-5.452254845195312
-5.31739247036165
-5.414211241608585
-5.071342022557251
-5.351596281023508
-5.528267516793362
-6.453143243816406
-6.758856334616846
-5.517530842310853
-5.169209893505244
-6.359570718199599
-6.243765787521561
-6.109400449547638
-5.333807807400692
-5.494355607557425
-5.038390048607021
-4.610034511828612
-4.646369341416451
-4.5076838943457895
-4.362725324741087
-3.928777720060437
-4.031233818980797
-3.119314358867922
-3.597720705305716
-3.764880542025891
-4.035514783852592
-4.773530945023449
-4.318224935551153
-3.6356518448711217
-3.268354985016329
-3.449743466576257
-3.3823178178677415
-4.093983881226377
-3.7832847089573782
-3.1497763096758518
-2.552354554310341
-1.4727214725917361
-1.279365235409999
-1.4744019232290437
-2.077370510694611
-2.1611087972307015
-1.8263801596004048
-1.9992288350184038
-2.352270410975116
-1.6900359597901984
-1.9854514869388
-1.916258843006573
-2.0443072676892333
-1.8754274854469026
-1.9501479959563461
-1.786460795565227
-1.538837124573531
-0.9340187721031542
-1.1611601790156931
-1.8970376998096161
-1.2303808183162932
-0.46773194843386634
-0.7231583748866433
-0.8709294598580244
-0.4840239080772533
-0.6951357837888059
-0.6819316263241988
0.2006583941278891
0.22175232801506928
0.12714051612419247
0.20863645065899528
0.534923310044551
0.8034560904237822
1.0359891251619002
0.8113598436441858
0.9393317358822045
1.00665859127669
1.0976726264460703
0.9467636937489337
1.0962850855141586
1.3010319218656823
1.3619061165760613
0.8313918211020381
0.19764515127082294
0.5521711642588336
0.8944766139825142
1.0550878687037262
1.176281553388407
0.3180435898015068
0.06533873425225106
0.5759818557783338
0.10576744383543996
0.3195584693702787
-0.30360040576026376
-0.6095501716002301
0.014475764377068656
-0.26092303385900395
-0.27971584248039694
-1.185076178451804
-1.4359380213327162
-1.9066523509968776
-1.8768361123417305
-1.266880960348491
-0.6641402765344641
-0.15254586080581845
-0.6209106069085848
-0.58578179585032
0.00497350698357879
-0.34418883531199856
-0.0932372753370968
0.13843051498626108
-0.2831558486995044
0.1512289311115111
-0.3911471851055173
0.1634700153568847
0.32681114781544685
-0.2586122406305892
-0.38492663127513443
-0.8395680356882691
-1.5403045567289182
-1.0149627184079693
-1.6230178432684186
-1.0769471962875863
-0.9011511930569631
-1.1017656649843386
-1.238265804152068
-1.0771074258104834
-1.2816176660862721
0.158192232209591
-0.14051924382770747
0.39520746168947823
0.9018344110490362
1.309886972754614
0.5740358094422509
0.768479523680512
0.7897421798735128
0.769404290477501
0.8874695517912742
1.6385484219882511
0.8151324140502475
0.6425426108119165
0.9686937263721289
0.7971882844816108
0.3503742305211781
0.04995417972417715
-0.047074085350927
-0.022084730212388205
0.24399032433857804
0.18942176043922737
-0.9708866427033305
-0.8393144884667542
-0.594066718950759
-0.6982582274283685
-0.42695674219498864
0.08478138836252452
-0.0553915035993377
0.2852698906138565
0.4823524437447848
0.7398022600391089
0.8385278500433546
0.4209223260310255
0.515203610675477
0.12596122760661888
0.3285308758529355
0.6845585969360682
1.2275536825446103
0.7330353471852902
1.0797853251005238
0.9511005264875383
1.1313379250497906
1.2447659503195305
0.8659671694964086
1.1574990650516277
1.6750805992435869
1.4976432425393535
2.096068748728604
1.9453089662799623
1.2726580016706284
1.4437133488627343
1.8041765730161765
1.8944075078125227
1.572408940287306
1.4243454115671854
0.5176484738965764
1.691129856697179
2.6373599390585696
2.9346972491487846
4.036611837121707
3.6075449518795417
3.3864355278933647
2.7168806087335238
1.6061740581535364
1.539574242843015
0.5570776687439855
0.117630632865878
0.043751550884042895
0.41053958353182607
0.2805622515748653
1.3556502582990002
2.4472811482555366
2.757138148875642
2.298046460529727
1.712103884903212
1.7141626203532099
1.761219255387558
2.5597306027767295
2.9762608587597996
3.3609286350308794
3.6606350946605053
3.9277568598453314
3.7875571333885065
3.17123822171207
3.3014620771803123
3.795477257626559
3.42379710956335
3.013798219726917
3.222042751449812
4.684688311497064
4.854251037844493
4.735060520055046
4.27701834703522
4.571214415657913
4.991330786844687
5.199422941287467
5.80468411880608
5.199289366189182
4.749775169820776
5.095902037930676
5.522359982639481
5.5670345134695305
5.938408020682353
5.727739184863161
4.903963806716319
4.073717752927863
3.7764738204479715
4.538829031573893
3.847462441320783
4.337695414767969
4.509328702290853
3.8076570486929486
4.219680984438801
4.147178235786185
3.7242719847078485
4.2211491886025145
3.9306860754115296
4.368048951187865
4.664297339722023
5.038312244328693
5.001985940959709
4.596585823745535
4.509157016689848
5.31929717215892
5.202089479552401
4.913507841489786
4.567239328028211
5.596314986647242
4.77300877114617
3.9363155160908843
3.700133497585978
3.02705166490057
3.2189407243593613
2.5854998848918718
3.4454071109197377
3.8160616337532045
4.082537515719546
4.198386510583901
3.2982697121663667
3.2580968398583714
2.8298635668923864
3.433822049139712
3.156630811933133
3.1813111245280457
4.663896263049299
5.882377164832305
6.8621609320097265
5.926988545760628
5.855088554554456
5.765179283077784
5.000396588958015
5.029949785840336
5.3636777273726155
5.617386980130363
5.822633377394389
6.203663561929815
7.181258317196568
8.060151053146182
7.918924672845525
8.024352792059771
8.014785562128411
8.041104991203895
8.43773088247663
8.937397150129955
8.73072371204377
9.343062483256677
9.025073600810542
9.493638902691517
9.966586382093963
9.40741984405603
8.473695728715823
7.73183772849781
7.975927160986246
7.5813098320267995
7.438990936613251
6.985180463036375
6.557966293451721
6.9151068254649415
6.761080818335918
6.820382042816583
7.378907624523326
7.784349329049636
8.395297323392844
8.101606836065134
8.057315133623508
7.725762722667885
8.898638593608743
9.104232742268843
9.495327821696007
9.53283500874918
8.474897408093026
8.2735271111635
8.41209960087864
8.486728798448508
7.892079701451045
7.759777545055438
7.969300070310559
7.628208735732779
8.293883910084643
8.73872541066333
8.120037833759042
7.833716216894303
7.371976284419462
7.295504489373312
6.9864946800144505
6.333407747288114
6.244059954739385
7.299549255775234
7.292628495966446
7.178515648440285
6.919692588791311
7.375074408900741
8.41735624003179
8.547644425538378
9.299339279794209
10.11823750870103
10.104586822584313
10.448920715867873
10.207562133143762
9.557482490706464
8.518053500145871
9.151127117007555
9.447664248903527
9.582857080320306
9.45651284665935
9.79156440922495
9.639818485428405
9.170119711353442
9.375934047104835
8.550477597099851
7.654217203951723
6.714316284877617
7.133462553920236
7.833859949374305
8.038692209563834
7.903086258264157
8.39429204123532
9.614587460171524
9.594254569240642
8.769658054499361
8.48931481484325
8.540425966764671
8.769731292710354
8.627608954836253
8.785732589567953
8.573343518335049
7.74927324218544
6.965674114376975
6.705083203100975
7.067149109864894
7.47967224454319
6.930669396728284
7.660405279802903
7.237296958929058
7.678884585589676
8.59225397727478
8.226956348110377
7.977580858809964
6.9963247780536
6.992542247067815
6.771969909214685
5.809770143010736
5.574893641971844
5.689848094860206
6.3176697677920295
6.9053503635227225
6.650481379077204
6.991547328826493
7.887135580783729
7.343862512626982
6.277161525766613
5.234745982195463
5.506017601787785
5.79398234592586
6.538206534012398
7.134821065673638
6.270502072965847
5.443624968712642
5.419206730125141
5.279457481952211
5.579205596580199
5.976007019007227
6.256658287249789
6.504689206503187
6.52582393190227
5.398696297828581
5.147539028069108
5.442186040832898
5.701096351106727
5.847805502406756
6.29437323123932
5.940756951604829
5.787964016978402
5.059856854254893
6.3055873313834185
6.4358295062967406
6.340831723904581
7.239303528521203
6.8281550459004405
7.0959366706686575
6.292022208293427
6.374862821609158
6.845478623337041
7.280214719416024
7.297301951634718
7.524590539881803
7.2819998097928655
7.150094449477744
7.368844824546404
6.706470389892488
7.3478668858151845
7.648339425176245
7.804570837097377
7.891754186094578
8.18755897238613
8.173106068818392
7.6721617948345235
8.404723114669805
8.173894756356434
8.079144318053896
8.036149746403517
7.206459229122579
6.81954161734681
6.385940951480513
5.485748215895022
5.400697876668733
4.306761103273058
4.23296582345782
3.8463407676889294
4.574450489712269
4.3172774256790625
3.945726960576043
4.008032732530367
3.56982417436739
4.576776102552664
4.251839625312901
3.3849474281617447
4.089079898681509
3.896240891461129
4.634352096588299
5.877499135191092
5.807103978917097
5.433253065053429
5.01903899039851
5.123539203908286
6.455822954254403
6.885997721233791
6.607154174789931
7.023106448718817
6.420105881083622
6.670153449273124
6.448065234911482
6.706340901100841
6.846823779515702
6.679480951177953
6.6687865255616
6.329717857871839
6.126402460436953
6.25135766147387
6.954577050487578
6.684138077048609
5.423737781121247
4.538771750451263
3.8224615186005266
3.507829584109967
4.65450378801053
4.721122393704348
5.467339889194091
5.882726046257232
6.7157730696899405
6.0228624380020985
5.698961596102748
5.331098326059201
4.159110723382381
3.8142402954627976
3.521886769172061
4.136838658862236
4.874522984572952
4.053710996725672
