19.01169
20.02931
21.17884
22.04211
23.05267
24.03936
24.99156
26.04768
26.99624
27.84516
29.03618
29.92065
31.05397
32.18599
32.99822
34.08362
34.96739
36.18203
36.93057
38.07581
39.05116
40.02868
41.01333
42.09506
42.99248
44.08123
45.02239
46.18079
47.06786
47.98033
48.89434
49.88977
50.92106
52.02703
52.9708
53.99692
55.0756
55.87822
57.0301
58.17174
59.10507
59.92231
60.89381
61.83537
63.0371
64.0846
64.97363
65.90287
67.12238
67.92847
68.99245
69.88408
71.03205
72.01134
72.98968
73.89417
74.94185
76.01081
76.9071
77.93361
79.02363
80.04561
81.04633
82.16059
83.15179
84.0343
85.00665
86.02542
87.14001
88.03051
89.00445
90.01858
90.92477
91.87835
92.99577
93.82947
95.03746
95.97647
96.87234
98.02504
99.09564
100.1147
100.9715
102.0159
102.9594
103.9396
104.98
105.971
106.7819
107.8454
108.9608
110.0252
111.041
111.9982
112.9657
113.8927
115.058
116.0162
116.8951
117.8429
119.0727
120.1302
120.7674
121.8169
123.074
124.0843
124.8785
126.0682
127.0236
128.0527
128.8591
129.917
130.9442
132.1497
132.9946
133.9249
134.8232
136.186
136.9345
137.8625
139.0663
140.0848
141.0675
142.1178
142.9905
144.0626
144.9046
146.0273
147.062
147.7956
148.9698
149.7557
151.0286
152.0972
153.0118
153.8797
155.0084
155.9901
156.9854
158.0552
158.9904
160.0715
161.0744
161.9961
163.0378
164.043
165.0067
166.0561
166.9681
168.0866
169.0233
170.0419
171.0411
172.0682
173.1331
173.7445
175.1476
175.9932
177.1765
178.1174
179.1215
180.0726
181.156
182.068
182.9347
183.9641
185.1714
185.9464
186.9237
188.0579
188.9188
189.963
191.0602
192.2009
193.0217
193.999
194.8762
196.0234
196.9864
197.9056
198.8187
200.0005
201.1293
201.9489
203.0939
203.8698
204.9694
205.9735
207.0188
207.9377
209.102
210.0215
210.8662
211.9502
212.8226
213.9113
215.1254
216.1267
217.0068
217.99
